74.0
61.333333333333336
62.0
59.0
67.0
72.0
72.0
70.0
72.66666666666667
45.666666666666664
28.333333333333332
72.0
39.0
78.0
62.666666666666664
48.666666666666664
58.666666666666664
81.33333333333333
72.66666666666667
58.333333333333336
86.0
77.66666666666667
67.66666666666667
61.333333333333336
83.66666666666667
74.0
65.66666666666667
69.0
73.0
47.666666666666664
60.666666666666664
43.666666666666664
44.666666666666664
54.666666666666664
65.33333333333333
38.333333333333336
50.333333333333336
63.0
67.66666666666667
47.666666666666664
50.666666666666664
64.33333333333333
44.666666666666664
49.0
69.66666666666667
57.333333333333336
37.666666666666664
81.66666666666667
55.666666666666664
59.0
60.666666666666664
63.333333333333336
55.0
76.33333333333333
49.0
80.0
62.333333333333336
66.66666666666667
43.0
48.0
65.33333333333333
43.0
73.0
85.66666666666667
88.66666666666667
53.333333333333336
43.333333333333336
42.0
53.0
71.0
42.333333333333336
57.0
56.0
47.666666666666664
58.666666666666664
54.0
47.333333333333336
67.0
76.66666666666667
55.333333333333336
61.666666666666664
78.66666666666667
33.0
79.33333333333333
64.66666666666667
78.0
59.0
45.666666666666664
56.666666666666664
58.666666666666664
49.333333333333336
59.333333333333336
46.666666666666664
59.666666666666664
42.0
42.0
63.333333333333336
61.666666666666664
61.0
69.0
68.33333333333333
47.333333333333336
59.13725490196079 62.94117647058823 58.40196078431372